keV	cm	%sigma/mean	dptts

1 keV: (6e6)
1	200	11.3494		14.9058
1	205	11.1234		16.5437
1	220	10.9031		22.4491
1	225	10.0507		23.8412
1	230	10.0608		23.9571
1	235	10.5747		55.0543
1	240	9.93562		63.6183

2 keV:
2	145	10.6774		10.3142
2	150	10.9556		5.61752
2	155	11.5174		6.2736
2	160	9.81968		6.88381
2	200	8.11912		17.1064
2	240	6.94151		35.9469

3 keV:
3	40	39.1655		0.0669487
3	80	17.0941		0.981319
3	120	10.9041		5.4333
3	125	10.6371		5.46561
3	130	10.6638		6.58661
3	135	10.5466		7.30685
3	140	9.77315		8.52578
3	160	8.75167		16.5154
3	200	5.86268		37.4462
3	240	6.13892		85.0283

4 keV:
4	40	32.9769		0.0742731
4	80	14.9963		1.12119
4	120	9.07381		5.88126
4	160	7.1895		18.4538
4	200	5.45117		44.1812
4	240	5.37306		105.273
4	100	12.5037		2.76741
4	105	10.5447		3.49847
4	110	10.4795		3.98773
4	115	10.0217		4.89393
4	120	9.23345		5.71409		6e6

8 keV:
8	40	23.9582		0.12612
8	70	11.7547		1.12896
8	80	9.66725		1.94709
8	85	8.66518		2.70714
8	90	8.95251		3.1741
8	95	8.43573		3.8614
8	100	8.13096		4.84515
8	120	6.92076		9.69892
8	160	5.32293		33.0307
8	200	4.07649		73.9902
8	240	4.1679		149.88

10 keV:
10	80	8.68517		2.49564
10	40	14.4562		0.157771
10	45	18.9318		0.275335
10	50	11.5098		0.40698
10	55	12.2889		0.581486
10	60	10.9001		0.854099
10	65	10.2303		1.1872
10	70	9.74054		1.61073		6e6
10	75	8.54449		2.12362		6e6
10	80	8.05343		2.49564
10	120	6.2376		12.9319
10	160	3.87464		41.8155
10	200	4.00008		109.664
10	240	3.40088		210.546


Uncategorized
