values:
x	y
3.981	8.813
4.922	7.167
6.455	6.268
7.696	5.183
15.263	4.528
25.923	4.136
57.967	3.278
66.171	3.017

x_low:
x	y
3.019	8.999
3.998	7.275
5.262	6.403
6.337	5.255
13.554	4.613
23.692	4.120
54.446	3.323
62.267	3.064

x_high:
x	y
4.975	8.922
5.903	7.291
7.711	6.405
9.091	5.243
16.825	4.590
27.702	4.110
60.588	3.350
69.412	3.068

y_low:
x	y
3.957	7.318
4.919	5.786
6.445	5.162
7.659	4.340
15.186	3.795
25.844	3.354
57.949	2.846
66.067	2.608

y_high:
x	y
3.982	10.524
4.969	8.976
6.475	7.663
7.680	6.198
15.266	5.375
25.786	4.883
58.633	3.795
66.412	3.527
