upper_bound:
x	y
3.015	7.759
3.450	7.683
3.910	7.596
4.431	7.478
5.119	7.349
5.666	7.263
6.365	7.133
6.995	7.022
7.945	6.850
8.989	6.688
9.967	6.525
11.222	6.301
12.685	6.091
14.287	5.914
16.275	5.754
18.590	5.583
21.293	5.416
24.136	5.215
27.661	4.983
30.935	4.758
34.202	4.542
38.238	4.293
42.945	3.988
48.967	3.675
55.865	3.419
62.531	3.202
71.559	2.994
85.029	2.714
96.655	2.551

midpoint:
x	y
2.999	6.537
3.490	6.538
4.039	6.489
4.620	6.462
5.301	6.438
6.090	6.374
7.024	6.295
8.055	6.217
9.202	6.049
10.539	5.918
11.996	5.733
13.721	5.568
15.579	5.418
17.822	5.311
20.281	5.175
22.958	5.034
25.954	4.869
29.446	4.656
33.290	4.456
37.667	4.219
42.721	3.945
48.788	3.653
55.659	3.386
62.564	3.173
71.739	2.948
84.790	2.651
96.861	2.510

lower_bound:
x	y
3.004	5.454
3.455	5.518
3.970	5.567
4.502	5.637
5.155	5.701
5.929	5.746
6.800	5.736
7.772	5.705
8.909	5.611
10.163	5.517
11.774	5.385
13.642	5.240
15.607	5.129
17.861	5.003
20.243	4.886
23.047	4.750
26.040	4.600
29.365	4.439
33.191	4.243
36.961	4.072
41.408	3.881
46.352	3.677
52.916	3.453
59.170	3.251
65.878	3.047
74.233	2.840
82.445	2.669
89.920	2.559
98.632	2.439
