sr1_lb:
x	y
4.020	4.868
4.573	5.032
5.185	5.115
5.884	5.199
6.930	5.254
8.008	5.273
9.369	5.242
10.480	5.180
12.013	5.108
13.631	5.025
16.023	4.901
18.146	4.774
20.842	4.517
23.527	4.392
26.232	4.232
29.500	4.072
33.449	3.877
37.704	3.715
42.842	3.556
48.034	3.395
53.753	3.256
61.701	3.067
71.325	2.904
79.829	2.763

sr1_ub:
x	y
3.994	7.361
4.663	7.209
5.290	7.084
6.057	6.896
6.911	6.742
7.941	6.555
9.178	6.361
10.850	6.081
12.691	5.860
14.800	5.661
17.103	5.481
20.037	5.245
23.861	5.014
28.653	4.730
31.540	4.575
35.223	4.404
39.601	4.211
44.867	4.013
50.655	3.815
57.649	3.630
65.121	3.450
73.999	3.269
79.858	3.180

sr2_lb:
x	y
3.991	4.147
4.465	4.116
5.357	4.066
6.088	4.048
6.800	4.056
7.687	4.089
8.898	4.167
10.219	4.282
11.732	4.387
13.183	4.426
14.587	4.455
16.054	4.455
18.409	4.421
20.021	4.387
22.492	4.318
25.925	4.175
29.638	4.049
33.023	3.882
37.248	3.757
40.729	3.640
45.107	3.527
49.166	3.411
54.122	3.313
59.473	3.200
64.768	3.103
71.338	3.007
79.161	2.893

sr2_ub:
x	y
4.009	6.282
4.497	5.958
5.064	5.689
5.691	5.452
6.428	5.286
7.054	5.187
7.645	5.118
8.342	5.080
9.150	5.101
10.099	5.099
11.222	5.099
12.240	5.099
13.508	5.114
14.839	5.138
16.441	5.137
18.746	5.079
23.041	4.946
25.540	4.818
28.197	4.716
31.597	4.559
35.805	4.389
38.930	4.250
42.670	4.119
45.931	4.033
48.543	3.953
53.088	3.804
58.730	3.689
63.886	3.572
68.171	3.496
72.855	3.442
77.083	3.353
79.913	3.312
