sr1_lb:
x	y
4.009	0.094
4.512	0.098
5.079	0.102
5.746	0.105
6.579	0.109
7.375	0.110
8.272	0.110
9.734	0.111
11.644	0.115
13.131	0.122
14.471	0.129
16.105	0.136
17.466	0.142
19.406	0.148
21.730	0.154
24.298	0.160
27.491	0.166
31.104	0.170
35.202	0.173
39.480	0.176
44.927	0.178
51.152	0.180
58.108	0.179
67.434	0.179
76.633	0.177
80.007	0.176

sr1_ub:
x	y
4.011	0.127
4.623	0.127
5.238	0.125
5.915	0.125
6.845	0.125
7.752	0.127
8.808	0.132
9.716	0.136
11.155	0.143
12.496	0.147
13.903	0.152
15.426	0.157
16.999	0.162
18.987	0.168
21.238	0.174
23.837	0.180
27.607	0.185
31.394	0.191
35.179	0.195
39.422	0.198
44.717	0.200
50.368	0.202
56.540	0.204
61.923	0.207
69.891	0.210
77.950	0.212

sr2_lb:
x	y
4.000	0.060
4.424	0.064
4.895	0.069
5.430	0.077
6.128	0.087
6.942	0.095
7.666	0.101
8.431	0.107
9.409	0.113
10.381	0.119
11.651	0.125
12.874	0.131
14.422	0.137
15.606	0.141
16.982	0.145
18.298	0.147
19.898	0.150
22.190	0.155
24.661	0.158
28.520	0.164
32.246	0.168
36.407	0.171
41.051	0.176
45.883	0.178
52.391	0.180
59.579	0.183
65.670	0.184
76.019	0.184
79.490	0.184

sr2_ub:
x	y
3.984	0.091
4.666	0.096
5.356	0.101
6.164	0.110
6.850	0.116
7.738	0.123
8.538	0.129
9.365	0.134
10.349	0.139
11.345	0.143
12.793	0.148
14.568	0.154
16.232	0.159
18.513	0.165
21.532	0.171
24.905	0.180
27.173	0.184
30.273	0.190
33.756	0.195
37.661	0.200
42.196	0.205
47.468	0.208
53.160	0.213
59.173	0.217
67.515	0.224
73.327	0.228
79.744	0.231
