173
7.58395
6.00787
8.34709
16.9291
19.8683
20.9158
15.1245
15.4153
12.0327
1.56862
4.19184
14.4174
3.02079
5.5981
4.74952
10.9398
14.198
11.539
5.71956
18.3865
15.5528
16.1082
11.6057
6.90524
10.449
3.74315
4.92832
2.92496
9.43144
2.77618
11.7129
14.9434
7.48375
12.845
3.90981
11.8808
6.74029
9.46454
12.0088
3.83592
5.55139
25.7635
14.7155
22.0307
4.08644
12.0828
14.7871
9.76586
4.69205
8.86776
16.8904
11.0022
5.77235
7.68229
15.2593
8.43737
13.0715
8.43209
4.22222
23.3659
12.8928
5.74355
13.7104
11.3581
21.827
17.8715
7.15753
13.1597
10.8807
18.6248
23.8393
7.71818
0.918474
9.4339
6.19122
13.0833
16.2987
5.31856
5.12524
2.96586
10.6844
22.2754
4.6951
6.53412
5.55914
11.1567
13.364
8.75893
11.1106
21.7462
8.11131
15.9689
3.44182
9.20469
6.90728
6.3444
10.7935
8.29352
12.6621
7.80286
17.7952
1.70451
4.32598
12.73
9.47479
5.90368
10.229
14.3252
15.2341
12.8762
6.17756
11.5575
8.7373
19.0395
9.97496
6.71906
4.30222
10.7312
5.43852
11.4263
15.7367
9.32357
7.62462
19.5108
6.07764
10.9839
11.1445
9.99189
5.54761
3.52204
15.7845
10.571
4.05082
14.7606
7.59236
7.02055
10.4438
23.855
18.6484
13.7565
10.8324
10.5398
4.0137
9.58068
9.0529
9.23526
13.1781
13.4497
14.5115
3.14013
14.2755
5.60992
8.84467
11.797
14.2885
2.50807
4.38627
14.2033
9.1797
5.42778
6.0363
15.6137
1.86443
7.03519
7.21534
10.3131
7.66859
13.2631
4.78036
6.99584
8.70826
5.83903
11.4665
