189
6.64865
6.73274
5.39827
4.38111
6.12537
7.02098
8.53825
7.71394
14.7679
2.49725
5.8976
2.82073
5.59968
7.16672
6.20086
8.85441
9.43613
2.4918
7.82015
6.02058
11.062
5.43265
7.31509
14.8489
5.81157
2.8661
5.42578
5.805
2.9721
3.97915
9.37617
4.74171
7.99718
7.68037
5.73619
5.6667
7.08966
3.66391
3.92461
11.9667
13.5662
5.90431
1.13426
7.97061
12.4994
8.77234
9.14215
4.45383
7.63144
9.36619
5.13307
4.65254
3.24192
1.07275
12.0235
7.15728
3.81498
8.01914
9.64056
11.6153
8.2015
6.6955
5.75473
4.33179
3.37245
8.82721
4.97485
1.05035
14.1525
3.10212
5.17138
11.4256
7.33609
4.20345
10.1756
1.78599
4.56181
5.62555
4.96218
4.27948
6.22588
12.4661
8.31042
2.94726
8.67422
3.94066
3.04491
4.18712
3.90302
2.60001
2.39758
2.69346
5.34492
8.82925
1.77873
11.9975
3.99599
2.60231
7.14245
9.78206
6.08702
6.46385
2.74892
6.00447
5.70228
11.3521
3.58001
5.28797
11.9651
6.13304
3.98769
5.56838
7.26979
4.00481
0.740669
4.78426
12.4665
3.3382
8.67045
8.95819
6.37047
4.94252
15.0677
4.19816
5.31229
12.2441
5.94622
2.99121
2.73402
6.93224
5.13475
6.92935
7.54561
2.28328
8.72812
5.09968
2.80489
7.45784
5.6511
9.66619
4.37356
7.37829
10.5779
5.5458
1.90287
9.15824
9.02708
4.47183
4.97435
2.22565
3.94399
4.72267
6.45038
4.38092
3.02109
3.44115
11.9665
3.68893
5.06184
6.62004
6.66549
8.58744
13.2076
7.69957
7.14452
12.7799
6.21015
4.45277
1.80364
2.25434
5.50888
5.0192
11.3574
8.69715
1.33285
6.26787
8.34572
10.1358
5.50202
5.24897
15.546
7.46754
12.3521
3.29
3.9277
2.53234
9.18396
7.4566
14.4555
