204
13.6282
16.6048
21.8365
13.7668
23.6894
13.4945
15.5379
19.2698
13.3579
17.4291
30.8168
15.1277
7.42344
11.5812
17.7812
11.7806
10.7081
14.0209
11.7907
12.483
12.7273
6.69957
6.32694
11.9727
30.3662
13.4919
10.9628
15.1973
11.8178
41.0631
14.1354
14.1061
21.147
32.2248
16.5108
15.0583
20.4758
25.1129
14.0658
8.13709
11.6726
9.03327
6.08353
13.5478
27.3874
17.4113
18.7293
7.26677
14.957
28.7591
16.4134
12.7458
10.9377
7.14914
5.22247
31.5801
12.3758
15.5478
17.0899
14.086
4.80255
10.4781
14.5408
15.9897
9.24059
8.75945
16.0895
8.39146
2.80891
8.7842
7.10258
8.61156
15.1432
12.8922
12.5093
16.3005
25.779
14.2969
18.638
12.3373
19.2043
10.6142
14.6185
26.2275
15.3924
8.04652
14.9431
7.66276
13.871
13.0579
13.0199
10.3635
13.3747
22.8336
16.3265
30.4418
14.1908
14.8085
17.5433
9.94071
9.50504
12.1668
5.64026
8.66555
26.1732
7.36574
6.1109
11.251
22.3889
5.6639
9.32304
29.5524
29.9526
16.369
11.4446
25.8985
7.23306
13.1568
8.95475
27.1737
17.9287
13.3945
2.60466
5.52198
39.3742
23.2141
16.0721
12.6966
17.6456
17.8134
15.6885
6.78822
28.1436
15.0122
9.36162
3.78651
9.7467
28.3124
15.357
4.79705
7.55577
20.7936
16.4306
0.951096
7.79378
7.259
7.10892
18.4395
30.478
9.92892
24.3666
18.5402
26.8744
18.8679
10.0519
9.9321
11.9559
14.6235
12.4043
8.73041
12.2525
6.69419
10.0944
13.3986
19.499
15.1278
12.7031
10.3786
7.28558
12.7328
17.6583
17.3205
15.5041
16.1579
16.6443
25.2352
14.2809
15.1753
11.1579
5.63324
6.91945
6.73201
6.4518
18.7153
8.79011
16.297
12.7277
4.58238
21.1481
23.3148
11.0901
31.2858
8.34179
32.6438
7.38327
13.1494
18.9351
13.0159
4.44881
7.56994
3.68012
12.777
22.9508
16.8931
