150
4.13104
4.98609
4.61586
6.85091
5.27917
8.07533
3.46081
5.47843
7.84934
2.57338
8.53231
6.78743
9.12636
7.84772
8.12184
7.71718
11.5335
8.93913
10.1531
5.48602
11.113
1.56675
2.28564
2.78485
3.87609
7.25327
3.84613
1.82467
5.69385
9.08299
8.80426
5.76841
3.16561
9.27111
8.98098
5.82252
8.85686
11.0768
4.6466
6.11933
6.30316
6.08436
1.71465
1.22444
12.0945
7.73812
5.96966
4.92812
8.6953
5.46771
0.891962
5.17713
8.11189
4.71604
2.53403
1.54003
4.71449
3.01766
7.37832
12.3574
0.72676
6.77209
8.15654
14.2211
6.01777
9.78507
8.46632
2.53014
7.31544
3.06639
4.43514
9.71772
9.85032
4.60049
7.3235
5.54693
5.06565
1.61901
14.616
5.07656
3.1552
9.11657
5.5026
4.58768
7.47577
7.81851
9.65811
7.69069
4.27016
1.99727
5.33585
12.2108
6.27983
3.09153
9.39451
4.53758
5.55007
3.33219
4.81952
6.02507
9.99894
9.95065
7.9212
4.40852
7.72191
5.71815
3.35266
9.55015
6.98905
3.32532
8.07271
7.28437
6.79564
6.86817
2.12237
6.66482
12.4917
4.01722
4.57208
11.041
5.04768
9.49286
5.41965
4.83671
11.0562
5.31391
6.28141
5.58969
14.0729
9.12582
3.1342
10.4524
5.17858
5.99255
8.78213
3.68239
2.09143
6.23926
9.72128
3.65538
2.17905
11.0716
2.22065
6.66724
9.14762
4.86958
4.68689
8.91221
3.629
5.59306
