4718
3.0482
3.6627
11.8353
7.32644
4.0069
11.4464
7.16631
4.58874
4.75638
5.75051
7.3687
3.25697
8.59496
9.3816
5.88907
2.52681
4.45814
5.81959
7.3576
3.29736
3.12301
2.1406
8.41468
5.26948
13.1326
9.9847
10.8666
6.4377
14.3637
3.97065
12.1982
5.81456
7.88896
2.17407
8.58932
4.38045
11.1121
6.49559
3.78674
1.86232
7.91976
2.7985
4.2428
4.08456
12.5966
4.54284
5.1378
4.17479
2.98829
9.26937
13.3653
8.30441
3.37826
2.74618
3.00549
5.95905
7.36885
3.98187
7.90285
4.58284
2.0089
5.13448
6.49401
10.6031
16.538
7.03462
6.47489
6.13679
3.16173
5.20409
13.9342
13.4157
8.96596
9.77702
9.73489
10.9653
5.34229
5.9219
9.97339
12.7377
10.5928
7.33927
11.752
17.8962
8.69163
3.93586
4.7513
7.86819
3.91315
4.06799
3.22346
4.91183
10.0126
9.2831
6.13547
2.89973
2.42982
4.03868
6.26545
18.4689
6.49053
7.42295
6.32454
7.65888
5.10386
11.7854
3.82026
6.25002
4.43094
5.53141
7.50475
5.46698
15.6466
15.6036
4.75303
8.65725
13.5837
8.66613
7.76659
4.56021
8.07445
7.41722
4.82072
2.7277
3.61998
2.43709
1.88971
7.64666
5.79015
5.09641
5.84314
7.78868
3.89735
6.02833
7.17647
14.9778
7.57045
1.17115
10.2829
3.63806
1.8975
8.52698
4.79397
7.60886
7.23724
4.39351
5.72516
11.9205
9.47665
3.32653
6.4744
3.03541
6.75923
4.99848
4.55821
8.03756
6.31951
8.45539
2.75569
4.87182
2.87095
5.46779
4.49911
5.80656
12.1767
9.06395
4.67645
7.73593
11.7607
9.30307
4.81595
4.03921
3.37176
4.15107
6.61902
6.40701
3.61028
11.0278
6.23031
5.54734
5.98678
1.37
7.38272
2.66325
8.78219
7.80575
6.83185
8.16497
6.21166
4.15064
2.73344
7.59414
9.39048
1.21018
4.73251
11.3852
7.01957
5.11917
7.5555
10.2157
11.8803
7.31319
6.05501
8.49693
9.26552
13.619
3.37691
10.2296
1.54954
3.24381
6.12235
9.00081
8.95133
2.57606
5.59998
2.51988
4.05659
6.63968
11.9543
5.37859
9.83548
12.4412
10.1797
8.58157
2.9846
10.5453
8.36539
1.99888
2.32226
2.22323
15.4856
3.79982
5.50117
2.90902
3.77843
2.04741
2.61326
4.45894
9.58175
7.72207
9.56747
1.28662
4.28768
7.06815
8.42657
3.52732
9.38343
9.23112
2.82138
1.52977
6.58481
4.23048
5.79705
11.7161
5.43179
4.10469
10.0156
8.07308
4.48637
5.25611
10.2178
11.3684
1.91301
12.2682
5.81596
5.62302
5.65882
10.0538
4.52902
9.51166
6.70757
1.73223
10.7742
2.41066
3.56975
4.46707
13.1867
8.59589
5.95993
9.2791
4.80898
19.0246
3.80597
9.77698
2.83229
4.46043
0.793973
5.02101
1.00302
2.17451
3.34677
6.34804
4.52693
12.8377
6.39899
13.4635
11.0899
2.90463
11.5876
4.86816
5.96574
10.5135
6.1225
9.13844
9.65851
6.05026
5.29104
5.36172
2.44457
5.16934
3.58226
4.92055
1.6478
11.2535
3.88648
6.01781
3.21487
12.6117
9.97008
4.81355
6.1351
4.99713
5.73515
3.5728
9.07485
4.48122
5.72098
2.97762
11.7434
4.12339
4.04936
7.77513
8.52159
10.6395
2.31531
9.84929
11.4473
5.40338
6.39192
2.07316
6.83275
10.953
3.84558
5.33341
7.03192
3.76432
9.89731
3.04991
6.16814
2.82147
4.31615
3.2041
8.73946
4.69417
2.28728
7.0036
5.848
5.81832
7.53279
1.95656
4.51534
9.15541
7.08022
7.0706
9.51638
2.01142
15.8185
1.67677
13.4455
6.35211
3.65649
3.47335
11.3234
8.52171
7.4029
14.4076
3.55129
4.65466
2.23378
4.92521
5.58238
8.1178
12.3967
12.0488
13.5395
4.03152
4.54747
7.5576
7.00521
5.98462
5.22341
7.78175
3.11626
4.52304
10.0062
5.66515
6.49354
15.0849
7.23391
6.7537
4.80483
12.5122
8.89147
13.6784
8.10488
4.46967
3.52731
5.95766
8.30428
4.88553
6.37474
6.64935
3.23067
6.48315
6.02764
10.1319
4.35334
4.98618
5.41201
10.1591
4.98582
6.40211
7.5631
7.02563
8.98398
2.96986
3.64575
2.15307
8.28345
5.31681
8.80194
2.58151
9.52368
3.78468
0.650647
6.09882
4.10853
5.04383
15.6142
4.49506
8.08142
3.12625
5.04083
3.66629
1.55618
6.4886
7.87606
14.083
3.11691
5.91595
6.05227
4.93771
2.21139
12.156
6.80888
4.00377
6.64093
3.63408
3.86851
8.04172
3.83561
3.6905
5.60748
8.54902
5.19427
4.78464
9.15348
6.51032
9.15809
5.90789
8.56389
8.87697
14.3866
2.47853
3.24002
5.89286
2.76936
8.58613
3.0402
8.47493
8.18927
4.55948
7.87347
8.39994
9.61191
7.71793
11.419
8.31545
17.682
7.85797
4.45174
4.83635
4.02225
5.53238
6.66277
10.3429
4.07918
9.23207
3.42442
3.85643
4.63337
8.18143
2.79037
1.59211
5.81379
4.94699
3.96909
4.3522
2.91908
1.87419
3.67163
7.44533
6.44264
5.56114
10.0868
3.57418
5.7322
9.39468
7.46479
2.38093
1.76452
7.93156
2.92659
8.46519
1.44402
6.84361
6.92619
7.12101
8.45998
4.33169
5.09991
8.02836
7.6978
18.5887
6.35011
13.6674
4.07438
8.72848
1.56763
9.90275
6.18323
4.37558
4.42683
14.842
7.15793
10.4242
7.77618
4.64031
5.49969
7.14438
4.71609
2.67074
1.86482
9.09826
8.86834
4.4034
9.89679
8.9646
6.52809
1.92526
5.46799
7.03475
9.78427
3.08717
14.6876
10.0413
4.18492
2.14377
2.49178
5.09887
12.4513
4.81539
3.20449
9.13261
10.8097
5.53175
2.19581
4.89735
3.41116
4.5721
12.1292
11.1663
3.5037
5.31192
5.64151
10.9213
6.1948
8.32741
6.5039
9.87351
4.45105
7.00317
7.92083
1.33269
5.13327
7.34739
5.69325
9.14131
4.8561
5.73144
3.7358
3.22714
6.33469
9.15249
2.82061
7.98332
11.5985
15.4377
5.03491
5.16118
8.99817
7.44462
7.86573
6.89715
8.62316
6.61503
7.0422
8.55895
6.89283
7.74778
7.47859
6.35188
1.62382
1.75664
4.74912
3.78413
4.98006
2.17482
1.85282
4.10039
0.672198
2.4748
1.02554
4.93721
8.20668
2.2568
7.96952
1.31306
16.0225
6.36319
4.01947
6.5258
5.68763
6.24947
7.08442
12.1231
9.30749
5.98282
2.98493
3.10591
2.99881
9.29973
7.7201
4.39583
2.42174
7.14774
12.1008
4.23148
3.91091
12.1157
7.56558
6.84934
8.44161
2.08636
9.03993
3.03926
7.92379
7.55018
3.15917
6.94384
0.986494
9.33503
1.56452
1.50646
10.6679
5.24705
5.06169
5.50692
1.99698
5.16473
9.29817
3.74992
4.662
5.29419
5.28986
5.53854
3.82658
14.532
3.94493
4.74771
7.76496
11.1423
10.0429
15.2587
5.16939
11.9205
12.3619
4.55355
3.72695
4.75321
2.85314
9.25996
5.01178
8.89516
5.63124
5.5243
22.2588
3.44736
6.53425
6.73071
7.76881
4.75886
4.76686
9.23095
5.57502
6.50828
9.0665
11.6311
5.29421
3.67592
4.17275
15.2993
6.97395
3.73919
5.59975
8.17111
9.40795
3.03845
6.062
6.44544
8.10026
9.51562
3.7385
11.4228
8.37297
5.38938
10.4978
4.15859
4.87203
9.8219
7.40304
15.7903
1.61802
7.5229
6.34469
3.56797
7.82598
5.62898
4.53475
9.84646
2.58125
12.1797
9.93796
2.96153
11.7852
0.92843
1.71388
15.5442
5.23787
7.91938
6.8973
5.67047
3.08718
10.8719
8.26681
4.45382
8.33927
3.72294
8.29677
5.16675
9.16193
4.01247
5.11958
8.1884
7.27594
7.78327
8.90533
10.7315
7.30921
2.07296
6.36072
1.25406
3.49578
3.9116
3.14789
13.075
8.98407
2.4281
2.49434
1.19405
9.36171
6.25955
6.02615
1.88116
6.07822
7.41602
6.19862
3.51632
5.45979
3.75053
12.0466
2.16598
4.3519
2.97891
3.2626
6.55013
8.04901
11.8114
6.31371
5.61127
13.5838
6.36872
5.60116
5.88012
6.09449
6.88178
7.24644
5.45936
11.182
1.52637
3.15579
4.00798
7.84294
11.7897
2.80039
12.6398
1.50652
4.26598
5.40392
8.34892
7.05388
4.2713
5.13099
9.18136
1.67967
4.82271
13.7994
2.98243
3.63401
0.991584
6.61111
2.28888
6.02732
1.21531
5.19991
3.08649
9.49262
4.7871
2.4635
9.89229
9.98313
12.4983
8.67588
5.66239
8.9014
4.36614
4.58359
3.44731
2.53469
2.42524
7.4774
6.9093
21.5791
6.72791
3.52624
9.29879
3.50554
4.46995
3.01957
8.62006
4.3038
7.79556
2.87408
1.21667
2.40258
4.55217
8.18639
1.42692
2.15219
3.5729
9.73943
3.73446
5.21882
4.21585
7.11526
9.19262
4.64085
5.38111
9.03314
8.8908
3.34032
2.73733
1.93344
3.74957
11.3699
2.02163
4.27074
10.9779
4.14178
5.65447
1.55331
7.53392
3.56034
4.28721
6.05169
7.7433
5.64248
9.8662
1.60576
4.15321
10.5461
7.43228
3.52268
4.8841
10.2218
7.3653
2.85031
3.41733
4.1732
8.71383
1.55272
3.32972
4.67754
2.07896
12.6213
8.6083
3.20552
6.62841
5.61079
2.47556
11.6497
1.97048
2.02259
6.6167
14.3111
2.30787
4.99499
8.47101
3.04284
4.15725
8.046
10.7912
13.158
11.0251
1.35119
13.2143
3.68194
7.04236
3.34349
1.4717
2.64983
5.85899
5.27265
2.84559
2.86405
6.34235
4.95101
6.14826
6.10718
2.93006
6.06185
1.51546
4.50868
8.75174
4.22907
6.4935
8.52645
3.51995
2.6672
14.5423
7.17277
4.60267
2.74202
6.61041
4.98703
3.09147
4.18793
6.75445
1.18961
4.15908
6.60481
8.82213
2.15223
11.7894
4.2162
3.1897
2.04234
11.3769
6.76832
18.1652
5.85348
1.95451
6.42505
1.91865
9.63776
11.2659
4.16091
7.12256
6.20042
16.4803
8.19678
5.15553
3.55977
6.86566
4.232
9.83104
2.89253
10.0418
14.1234
6.6305
3.7162
3.95292
4.83888
4.38109
5.47998
10.4297
2.03941
6.45185
6.59631
7.49769
4.08952
7.6097
2.91459
3.68684
1.6301
4.40742
6.34095
2.56694
3.1666
5.46418
5.81478
8.18464
10.7617
14.2224
3.96356
9.24564
5.77847
2.83866
7.47179
15.7865
4.57963
1.68677
4.62153
8.8421
9.32963
12.8187
12.0691
7.69255
2.00643
11.489
4.29078
13.0209
2.50223
3.05453
3.4736
8.67404
3.98324
4.36033
6.27026
7.06554
2.03248
8.65462
8.53744
8.36253
11.0306
6.88865
2.72767
5.9845
4.15548
7.36168
3.66724
4.45865
6.12291
5.23666
0.964994
8.81806
5.9679
5.81417
7.39648
1.08648
5.87503
10.7725
7.89011
5.02196
10.3016
8.95316
12.2687
3.33628
10.405
6.65913
8.97102
4.5675
7.29548
4.66702
4.87635
4.79582
13.0976
6.73539
10.6572
10.6171
8.80825
10.4625
10.1703
7.35719
4.70887
1.40857
7.24595
1.86587
3.34179
1.65125
13.1704
2.5398
5.32153
4.75071
1.1132
7.11373
11.5649
3.71603
7.14366
3.89273
9.79244
10.3008
6.1316
5.44301
6.13519
6.61753
0.897267
4.83887
5.76372
5.57976
8.62702
10.1786
6.89458
6.62578
9.54915
12.7895
10.2516
4.02643
4.53786
5.47004
7.73152
14.7529
4.65576
2.04587
2.01956
4.3584
4.4547
18.5829
6.21611
6.1697
9.12631
3.37638
2.73828
6.81272
11.1665
7.99332
6.18592
7.81276
9.16539
2.40762
11.0277
8.37538
7.53019
9.64902
7.4966
4.5672
8.8011
2.8195
6.78298
16.6061
2.83936
6.41583
5.37312
5.76522
0.912319
4.24577
8.83279
7.80345
6.31442
4.20085
17.2309
11.8466
12.8757
3.95236
8.20712
10.7965
11.6501
1.85912
4.56026
5.72666
3.65916
5.10677
5.42688
6.01911
6.68639
9.44562
9.40202
5.16997
11.8612
9.58755
6.11386
2.14108
1.69013
8.25988
8.09019
5.77692
6.52758
3.15952
5.90325
9.09649
3.28644
5.06316
5.42524
11.902
8.28674
8.79438
4.11276
15.5211
8.22998
12.7778
8.80127
12.2045
6.65558
6.17707
3.60622
8.06319
3.96441
6.28646
6.01433
3.637
3.64165
6.35991
2.01725
7.79027
3.76125
1.86663
3.62398
7.83251
3.98035
8.2667
10.3421
3.81571
9.82487
7.40411
6.23084
2.94102
5.43266
1.43354
8.8774
4.95247
2.81928
5.38664
2.32568
4.67684
4.83475
2.34584
13.8873
8.48547
4.21011
11.3922
6.09984
6.60324
10.6126
10.8276
9.96519
3.76363
11.6857
2.01781
8.72688
4.44099
9.64492
4.50028
8.92996
8.85604
9.18282
5.41763
8.87749
8.66465
6.47227
4.2127
9.15029
3.78671
4.88501
7.48144
5.30648
3.22618
2.23039
6.54185
6.8419
3.05745
8.95471
8.18755
6.20012
5.0722
6.97032
7.17912
6.1602
1.2326
5.18152
5.71791
9.61664
2.13222
14.4108
8.90849
5.82176
5.71048
5.72042
3.60265
5.41743
3.78321
5.25919
3.09256
8.05759
2.29534
1.67022
4.75074
3.91756
5.45042
5.56249
8.82402
2.17302
2.82979
4.75031
2.96908
5.40557
5.78065
1.78458
6.57345
16.5324
6.32233
8.6633
18.3601
5.78394
3.24033
4.04633
1.16231
3.05829
6.30517
4.87148
1.50589
2.48198
7.96737
7.9795
4.97083
3.63238
6.29115
5.04741
9.54077
2.47823
2.40049
5.63646
2.63976
14.6061
6.13051
9.27922
7.08756
9.067
2.00008
10.1171
3.91946
6.01694
4.22057
18.7196
8.55494
5.95271
9.86037
6.34611
3.88227
6.52461
5.49876
4.94026
6.14255
14.7848
4.80733
5.68337
4.84354
7.13965
10.2572
9.14827
4.06536
10.8041
6.97057
6.90981
7.64623
7.95144
7.74948
6.50244
5.32277
7.57948
7.84793
4.56523
5.41027
3.69529
4.8717
6.64726
8.86563
1.4291
8.79365
3.41683
5.37245
10.1988
3.7777
5.23383
3.35857
4.16089
9.05076
8.24921
5.35577
5.75546
5.11345
5.01524
13.8577
7.87836
4.61141
9.06643
5.95133
3.89803
4.17763
5.61317
13.8725
2.69046
9.05397
7.44226
3.41172
4.49517
6.24514
7.47338
7.25949
17.6283
7.33203
12.6124
9.62842
9.10094
2.29015
4.00644
9.71861
3.9071
10.6627
8.83805
7.18079
10.2373
9.20733
13.3802
2.52665
2.04958
5.47311
4.6029
8.86149
7.19376
3.35606
14.3097
4.42406
7.88441
5.83621
7.14639
4.38024
7.24779
4.97115
5.11528
5.44378
8.15919
6.1913
2.46027
6.08832
7.71055
4.14743
4.84309
10.1546
10.0416
6.89149
5.15439
13.4391
9.17871
8.8828
3.18029
8.82675
2.60612
8.70955
3.06267
6.40234
6.14777
8.3164
4.62672
7.96181
2.45754
4.31403
3.40618
13.6154
2.0035
8.08483
9.49367
5.57882
5.37757
9.81646
5.83328
6.36583
5.39
5.60689
7.64521
3.89829
1.00387
10.2923
5.95651
1.36059
8.33048
6.22541
4.42135
6.11997
10.1376
6.61508
14.9949
4.2574
4.63801
4.53121
1.2817
7.97304
7.74315
2.98636
13.7328
13.1421
6.86687
6.01495
7.62664
7.96175
1.62465
3.04278
6.09028
6.04593
3.7523
1.65158
1.99227
8.20097
6.22317
6.58034
6.23794
4.63322
7.53799
8.57989
3.64785
7.32429
10.8498
7.02691
8.59233
4.83701
6.09655
9.95584
12.8437
23.4954
8.94278
6.2975
9.53177
3.09503
9.50527
6.79683
1.84313
1.54789
3.88313
8.86429
1.37959
17.3688
8.22672
4.3548
5.0337
9.9232
6.17285
4.76767
6.21158
9.5382
7.15038
16.5304
4.71745
9.05804
8.33149
5.91339
11.5739
7.51467
2.3043
2.56942
2.49518
5.7465
5.74706
6.51334
11.2304
3.14661
3.45749
15.4722
9.14014
5.53942
10.3078
6.01918
6.25995
5.1428
4.67943
8.3574
1.96545
10.5281
1.49825
9.90528
10.1707
2.80824
10.7515
10.0957
3.85269
8.11124
5.93871
9.23436
8.99571
5.73321
12.708
7.20934
11.4175
5.3005
4.8051
5.74101
5.65545
4.99518
6.07138
6.16569
8.55549
4.46797
1.53105
5.01119
6.51527
11.0185
1.65776
2.33961
13.0791
7.32544
9.10117
3.07219
4.1785
5.56089
4.41007
6.00861
3.145
1.47172
3.1665
3.14831
11.7151
5.34699
11.2357
3.59017
8.1091
4.32373
4.16791
4.03203
4.22667
4.44005
8.6781
9.34788
4.48356
7.80093
7.87403
5.35892
5.71432
3.992
11.1366
4.18627
4.44821
2.63618
0.982295
1.27904
8.40127
7.68027
8.33581
5.67493
1.21869
7.26134
10.025
9.28809
3.6043
8.59045
3.89646
8.99917
5.91196
9.27105
5.10071
17.3272
2.21659
1.7427
2.84766
9.08782
8.2753
1.76954
1.40989
5.85562
8.70848
4.07708
5.61061
6.06382
7.3153
5.03777
11.7735
2.71921
8.95487
6.48039
11.1681
4.58292
4.95286
8.28084
9.2537
4.22708
4.57569
7.86419
5.39188
4.26384
4.92354
10.9538
8.76369
7.17364
5.67998
3.52125
4.30251
4.23207
10.9291
2.49135
5.05864
3.84285
13.8135
12.71
2.66144
5.59182
2.192
5.45762
9.96042
5.34442
12.4518
11.2285
11.5744
7.99837
2.35148
5.12028
7.88943
4.67653
6.74244
9.73916
7.61396
3.54161
5.51413
2.83462
7.914
3.95047
7.19071
8.85777
8.10821
7.48363
8.82352
3.56204
3.48445
5.65341
3.53959
2.67251
8.78233
8.10799
8.49926
11.9485
11.8409
4.39793
4.02215
8.0186
4.71722
9.99664
4.95
6.84366
2.33759
9.86906
6.99026
4.49033
7.05465
6.69005
4.70205
2.37529
5.68661
6.16526
5.46269
10.548
1.83258
5.44292
6.05582
4.67436
13.6223
5.02611
10.1626
8.6989
4.74247
2.91474
11.1489
5.78064
5.66823
5.77578
4.97716
4.98865
2.21689
8.67501
17.1615
5.60429
7.74193
11.723
4.29117
16.9178
8.81946
4.30554
3.57091
5.32177
8.78049
4.29421
4.33157
11.5204
3.92599
10.9199
5.29264
6.46879
5.34348
7.53622
4.56904
8.70898
11.9755
4.8704
3.16996
2.42418
5.30343
16.7623
9.13652
5.49137
4.70758
6.60098
13.809
7.70788
14.3469
4.41323
4.7946
4.63848
7.43469
8.28224
4.15108
4.3759
2.91603
7.80009
2.25306
7.23492
4.48547
19.3295
6.24079
12.8012
8.85348
1.64644
1.84445
11.5254
6.22276
2.52987
4.39362
10.0237
8.72493
6.95959
6.08515
7.36848
5.19351
10.0441
11.0455
4.15657
4.57633
13.8924
10.9014
14.5069
5.35687
2.36434
3.09662
5.43483
2.46012
3.78604
6.80477
7.87457
5.61576
7.11962
8.87906
6.32408
7.49755
11.7309
5.22608
5.6566
2.39581
4.88279
4.62032
5.48582
8.10451
15.0806
4.17807
9.23329
8.55381
2.75331
9.04208
11.8464
4.74237
8.91232
4.70337
12.9936
4.24255
7.08663
1.22249
4.1307
5.76609
12.8456
4.51532
4.68536
1.60757
5.36006
11.6406
1.25139
4.84155
5.90331
12.3221
3.77725
3.2119
5.40284
2.77297
6.90414
5.65907
8.42962
4.82518
4.85739
2.84414
2.58834
10.6689
5.18986
5.56435
4.98677
3.11164
5.3526
3.50779
2.22212
6.3112
1.36292
11.0353
6.562
4.66824
11.3672
4.98013
3.29358
4.17893
5.04455
6.61075
11.0199
7.59636
5.29637
9.73914
6.03531
10.2791
0.72788
6.28256
3.40591
11.5768
5.48915
2.43012
11.1994
8.47941
8.84524
5.90475
6.84895
13.2143
2.89458
8.70674
10.8526
6.60065
4.31397
1.78249
4.84243
6.38855
7.53594
3.49597
3.71782
6.02519
8.46665
13.2891
6.30056
3.15938
6.05362
8.27574
6.9807
11.2864
4.09291
9.85963
3.72348
6.50289
5.66102
5.68903
5.54172
1.47606
5.81849
17.9343
5.24175
7.7185
1.72192
6.43804
10.3311
4.55145
2.96599
9.04564
0.842874
14.6747
9.77597
10.9328
0.910458
6.06027
7.72388
7.4868
4.75913
3.38898
6.57692
9.01649
5.70818
4.2559
7.35128
7.97548
4.12284
4.41212
1.22994
4.30515
7.27051
5.96929
6.71454
4.20799
3.85401
1.73898
4.18852
6.52757
4.57825
8.99357
12.4883
3.97347
10.1383
2.9619
3.36144
1.12693
9.01308
8.62618
9.99709
5.81443
7.07932
15.4317
8.80303
4.1484
3.33721
7.1572
7.78349
9.42705
9.66886
3.4712
3.84874
3.16543
6.79957
3.02787
4.04486
5.94671
5.62254
4.64748
4.14718
4.64123
7.23675
3.73583
6.81794
5.44594
6.57233
4.61254
6.88067
7.66048
1.44592
3.31323
0.800587
10.6248
4.1703
10.5712
5.97719
7.64786
4.70903
9.00564
8.55704
5.14868
9.65403
10.2722
5.18631
5.09309
4.52688
4.37635
4.51551
8.86567
11.6314
3.65746
7.66959
3.14117
8.67244
8.37303
11.0062
6.94297
0.8958
9.08892
6.32321
13.0512
2.42764
5.91322
14.5522
2.73653
1.68351
1.97982
9.11356
21.541
3.06521
7.37959
4.194
3.73677
5.50656
6.95333
8.08844
4.6175
8.15336
8.73312
8.14471
7.39551
9.58773
5.76027
5.42423
4.37064
1.71981
15.0363
7.98325
6.52645
3.21548
8.67541
3.39883
9.28191
4.10205
21.5186
2.15447
3.54434
6.29707
7.79115
7.27573
10.6094
2.83652
9.80907
1.02446
7.73934
4.16626
15.843
6.48701
3.13626
8.3571
15.4559
6.28456
16.8178
9.12324
9.85456
8.53691
6.97738
5.78933
1.44846
9.45794
3.12838
6.05393
9.44492
5.70558
5.7321
8.76926
4.21658
3.59978
3.13881
8.48863
8.69771
3.9319
5.17709
5.49511
2.37802
6.66481
2.18371
5.30404
4.91758
1.33226
1.68672
8.89892
7.5228
7.79086
7.44328
8.59051
6.34218
8.28899
6.34572
10.0795
12.8261
9.38371
1.37254
9.07757
7.88687
5.11208
4.61007
9.21745
3.96147
5.71759
2.54029
5.48639
5.81899
3.06343
16.0423
9.64192
4.2643
9.10461
9.48041
7.0269
7.21383
5.24872
4.04181
3.45444
2.2553
15.8122
6.02505
7.93248
9.49676
3.90066
3.90357
8.76678
13.1947
1.83014
6.72086
5.49869
11.2384
8.26452
4.0011
2.79434
2.55214
3.26759
5.69764
10.4763
9.80369
13.1324
3.87603
8.49504
1.9492
10.1009
5.20731
1.57234
4.02371
6.16035
7.9473
8.50174
6.38118
3.06739
1.02162
4.66423
5.69637
8.01494
7.79591
6.73392
8.00288
19.1328
5.39797
5.32591
13.0564
11.4826
4.84997
10.2763
5.12595
1.77939
9.13818
7.02065
2.88456
6.22216
8.07476
4.91337
8.73684
2.08547
4.18208
5.45515
2.81664
5.97428
10.5249
10.5442
5.95197
5.44681
7.57842
4.63591
4.33595
7.50327
12.1142
5.52438
3.7923
1.07689
1.86688
9.89848
2.52611
1.8776
3.66964
12.8287
4.10569
3.57772
5.97093
4.01298
4.30926
10.4292
4.42252
7.04115
15.6335
4.82901
4.51589
5.54918
15.3693
1.28105
14.4838
2.6339
7.4942
10.2168
11.1027
4.26108
3.66781
5.26946
6.78885
9.1776
10.2595
10.1734
2.99517
10.8598
6.70626
3.3366
6.11873
10.5774
6.26796
4.29086
8.83716
4.0612
9.62349
2.31003
9.5245
2.78026
1.73267
2.34052
5.13383
6.2179
14.1952
4.58097
5.95103
7.99442
3.79686
7.35427
6.23234
12.9471
5.16148
6.30365
5.61301
6.75077
5.61992
1.2007
12.2087
7.10324
7.20845
4.18193
4.75303
3.80705
2.06023
5.71345
2.46907
4.52694
4.43004
5.03194
3.56738
3.75042
7.62735
7.51528
11.6363
2.4092
1.82611
1.20718
1.84524
4.77642
3.17959
9.4677
6.573
9.44466
2.62041
3.21696
2.85923
6.20759
4.11754
6.40438
9.83312
10.127
9.48994
7.2694
10.1711
2.1901
2.42792
8.04011
5.4897
10.4387
7.62522
25.5637
5.38458
6.8189
1.92227
3.84698
3.87434
6.24077
5.63325
8.86083
2.83455
7.0658
1.82663
8.33368
3.53915
2.91148
3.80112
4.02187
2.04252
10.5379
8.01921
3.60565
10.0723
10.2211
4.48257
6.5099
6.96323
2.26587
7.35156
7.02651
14.884
3.71676
4.28421
7.85103
3.55525
10.6192
3.39299
1.92217
6.93295
10.0165
4.04509
9.64412
9.48618
6.35128
4.87064
4.14144
5.37451
10.8075
4.45444
3.17055
4.7118
3.19247
3.5431
6.89459
7.37409
12.5535
4.62809
13.3702
9.41188
1.19698
3.2192
1.10039
3.5632
7.05185
11.8664
7.56614
3.6507
9.40098
6.9566
2.37757
3.64343
11.5999
9.92946
2.01479
4.03103
7.68627
3.18852
5.07472
7.82188
1.03015
4.97543
7.84496
6.64465
6.96873
11.5743
6.61872
4.93847
9.69318
9.66418
7.66167
5.94238
8.9829
3.06293
6.50633
4.92233
5.31528
7.37258
4.86559
5.59252
2.77097
2.26669
9.59569
7.79171
7.18182
4.94815
6.31873
6.02374
5.93289
12.6589
2.18123
6.00344
4.99091
4.87065
5.29746
7.66575
19.5151
1.55734
3.36792
11.7499
6.7531
6.50038
11.4754
3.78218
12.4186
2.89044
11.5315
1.53827
6.01213
4.6986
1.42159
2.10477
4.49986
1.95838
12.0064
2.69465
4.89206
13.1126
7.67128
5.97288
12.2898
8.88528
4.82012
3.53677
3.33471
6.65727
7.22483
9.06562
3.18742
7.69457
3.19145
3.13842
7.12985
3.04528
5.42784
2.46861
11.2025
8.6921
5.68761
6.69203
1.88004
7.57309
4.46454
9.78126
3.85366
3.47699
6.75845
9.60057
7.41573
5.07711
4.73587
6.6377
4.45244
8.22059
2.22207
4.7729
12.1948
5.64349
8.06846
3.87862
6.7407
5.52903
4.11863
4.14056
10.8512
6.36749
8.63717
4.39249
3.29145
6.18196
13.3194
2.25127
5.13976
6.10815
11.07
4.86893
5.6381
6.73451
13.5645
12.8317
8.10436
2.50202
11.8303
22.992
2.12294
3.77889
5.43658
7.88183
5.56908
4.23229
5.9381
2.45203
5.7189
5.78279
11.0549
4.06317
6.23214
6.34289
2.18819
5.80514
11.4179
8.65476
8.39401
3.28816
7.24488
5.68864
11.3932
5.77307
20.3846
1.11543
10.2463
6.73003
9.72726
6.83287
6.17607
5.13059
17.008
1.65015
10.4609
9.15775
5.20209
4.80274
6.51498
9.60256
3.5509
1.75856
7.04714
4.11735
7.14134
5.30811
3.10764
4.81391
12.4392
3.59962
12.3632
2.74247
15.3461
1.01827
9.64496
6.87665
7.42229
6.07926
5.63597
4.50065
3.86295
9.38146
7.10249
9.18955
10.9999
6.81713
2.97969
1.12544
1.77269
4.38142
6.90073
10.9675
4.08484
6.5053
2.50744
4.39673
8.15238
6.10693
12.9091
4.63474
11.4808
4.03005
9.90891
8.20121
12.4508
9.93312
8.68504
9.28163
6.00725
8.94152
4.14819
8.1903
12.2961
9.61916
10.4129
5.21605
6.01136
11.5569
7.92992
4.24458
7.62949
12.0889
4.67894
6.57566
4.90598
20.4269
8.77408
3.23785
5.95345
6.04995
7.78779
3.22594
3.17689
7.28812
2.18576
1.65327
1.9029
4.46528
2.7123
7.12796
5.57353
5.05687
6.30274
16.6792
9.67773
7.00656
4.4677
6.48368
5.4399
4.53254
3.94904
15.9052
6.94739
7.85046
11.15
4.38391
1.46268
8.14512
6.42714
10.8012
4.8123
5.42871
9.98518
19.0677
6.35748
5.1934
8.43676
7.67751
1.88092
4.04936
8.65892
6.01807
6.00862
15.961
6.86831
4.62004
5.37162
10.1081
4.30074
12.6399
3.05949
2.2637
3.62377
2.95645
4.92419
6.2032
6.53166
2.70911
7.86585
11.4924
6.12755
3.83308
2.64315
7.80889
5.93614
5.8035
3.47627
7.6976
13.552
2.46844
8.89788
8.82299
12.074
11.6979
9.22176
4.90854
12.5356
6.72276
6.10171
5.49421
2.70822
1.80547
11.6546
4.65617
5.2244
7.382
5.31282
20.2318
5.37564
12.886
7.17076
3.40669
9.79419
8.67707
4.69224
2.28978
4.15321
7.42804
5.59638
8.51461
8.95338
13.0853
7.86612
13.1844
3.23147
8.13916
10.47
8.48427
5.56258
8.77332
0.891476
5.01716
1.98965
8.63993
6.02766
7.24602
5.27416
11.0021
1.12569
2.26071
2.94178
4.72908
8.29278
8.51108
7.80581
2.83378
3.78926
7.23328
2.95979
9.73039
4.35998
2.15564
8.69412
10.3928
2.82066
5.28879
7.26319
15.319
9.89155
7.29072
6.89148
2.85272
8.94878
13.4342
9.7057
8.99164
8.17685
6.26334
7.28981
3.48829
1.23904
4.49837
1.66493
6.62495
3.15175
5.23914
7.17715
1.61383
6.36403
2.72743
8.67901
5.07799
5.26124
11.9039
6.24407
9.34614
3.57042
7.587
3.4219
4.65269
5.59639
10.5814
8.18668
5.21748
10.7472
7.90011
9.43852
13.0494
2.83101
1.93929
5.43699
9.19451
5.0701
6.95978
9.56594
3.58854
4.71593
2.46799
6.42997
7.89418
3.73084
3.34041
1.69452
5.75413
5.40579
7.84377
2.95894
4.13844
2.81296
4.08272
8.49492
6.48342
5.77434
6.12653
3.32857
6.61091
3.87776
2.24678
5.06767
10.3421
3.02799
12.6255
8.26277
8.97867
5.65363
5.41447
7.47266
2.16009
6.08364
10.4406
8.32258
4.77169
4.56362
2.44708
8.72086
4.74318
10.7204
4.38822
9.5541
8.71267
8.57669
8.85864
7.55507
10.4391
8.22187
10.127
6.92391
13.3957
11.7534
3.76802
5.5537
7.279
4.62777
6.4938
6.83649
2.52139
7.15401
7.12872
5.3279
9.64716
6.16014
1.16375
7.61734
7.47834
5.17205
6.92356
3.09103
4.31312
6.8856
3.69199
1.97838
7.91125
5.28431
7.82905
5.66725
8.6253
9.45796
7.72925
6.48767
10.1935
5.99754
6.62114
3.85482
2.1654
6.11318
13.3554
18.1745
3.64201
3.64213
4.91914
4.92559
6.17222
10.3517
9.47559
11.4539
2.14726
2.89294
6.79383
16.5551
2.7454
2.68729
5.29036
6.35798
2.32774
10.1942
8.22456
0.468891
2.53309
2.3876
7.61298
2.23048
1.19821
7.98023
8.85704
7.81727
6.40968
2.70185
3.88663
4.37536
8.50371
4.73771
6.52713
16.1181
5.04198
6.1638
1.1458
7.97084
10.1476
8.34196
2.34947
11.5707
7.97348
5.77727
11.3722
10.0591
5.31845
3.63514
4.70332
5.27676
3.2984
3.86261
2.14496
13.2904
11.8069
3.86784
11.321
5.76461
13.7125
7.59093
8.59594
4.07146
6.96036
6.32449
1.03287
2.61377
4.86685
4.74326
2.26997
5.92293
3.61883
6.15991
5.51381
5.46245
2.13778
10.44
2.63494
8.58555
1.87682
1.32049
5.12313
4.92951
6.50345
7.016
3.4532
9.70768
4.79377
4.69009
12.6518
6.82073
2.76251
2.85369
6.55959
4.48411
8.07302
8.82057
12.2791
1.63094
4.66094
9.96773
3.13991
3.25728
5.28779
2.86684
6.9219
9.03476
8.687
8.01432
6.21851
4.51176
5.05155
3.00099
3.03104
1.55854
8.96116
3.64101
1.4766
8.7906
5.82771
4.09849
4.95418
12.2364
4.214
7.71046
1.65576
4.46539
4.28112
11.7547
9.44988
3.26064
4.32001
6.34348
2.18771
5.33586
4.8911
9.73795
0.963565
6.00952
2.95359
2.55514
6.79553
7.5246
2.99912
5.01259
4.63709
22.6282
8.21469
6.61999
4.98064
10.4592
5.24074
4.83386
9.16649
7.03871
11.3701
5.74592
1.70483
14.9526
7.10797
6.28689
2.26557
4.03028
3.08174
6.1691
2.10539
1.82954
6.7098
5.55139
9.7759
8.10505
2.91044
1.46317
10.0299
5.15797
3.92074
6.32996
7.34967
8.6942
5.8604
3.36774
7.70264
4.61309
6.20873
4.72639
7.51549
8.97742
6.17944
6.13563
9.49757
3.92657
4.44981
6.83059
6.80385
4.74137
2.07886
5.78717
8.92317
6.51977
16.9294
3.7079
8.24533
2.26699
4.24352
9.77525
18.9793
9.93934
5.47912
4.26292
5.96443
3.69386
8.90773
11.6481
4.16188
18.0401
12.7463
5.17122
13.3733
6.50798
8.03308
6.57576
10.2122
8.59494
3.25277
3.82757
3.74436
6.41061
1.4659
3.8885
3.82548
1.97508
9.36544
9.15937
2.66257
5.2347
3.93881
4.41661
8.86623
9.5442
4.86222
4.84347
3.60601
4.90911
3.59911
2.5923
3.61065
5.81636
7.32741
7.32998
3.38226
9.41896
5.68384
8.13911
5.23249
3.20253
4.36362
6.47861
5.48926
7.13605
2.49464
3.09645
4.12812
11.9488
10.0367
4.89216
3.65667
5.85725
3.70524
4.33885
15.1144
12.5318
7.43917
10.0414
4.36879
12.2201
5.3605
4.11751
7.817
10.038
4.54966
5.3149
6.42795
0.781196
7.69219
4.97438
9.36251
8.90226
8.61503
4.36373
2.30957
7.23121
1.23405
8.28078
2.75042
7.92143
7.14921
7.87724
6.96843
7.62561
11.7716
2.34994
4.21668
3.71948
4.81037
6.33119
6.53219
11.3259
7.53982
8.60826
9.2484
6.05336
7.35191
4.0099
5.87036
3.43853
4.90514
3.49704
4.36028
5.25265
7.36923
6.51508
8.48763
5.48822
5.29479
5.35246
2.28626
10.6712
8.38876
5.53563
6.80219
2.93661
10.228
2.31826
3.60611
10.2007
8.93329
12.2398
7.50147
4.2078
3.7188
8.17559
11.1275
3.15785
8.067
6.24858
6.31008
4.48789
7.36066
2.18036
7.36367
9.70298
10.3886
7.64281
2.66766
5.45491
5.43169
4.35582
4.47226
2.28111
17.3691
0.815947
2.61463
5.29773
2.9394
10.0485
9.92334
10.4033
6.78162
2.95871
5.63958
6.99507
4.15561
9.75324
8.52007
6.03403
8.18953
7.87559
6.1364
6.12498
10.1362
4.7759
2.83627
7.3696
5.91442
6.5186
3.01854
4.76063
9.2645
6.37524
5.59534
8.07678
3.31031
3.897
7.07407
1.72453
8.31497
4.86156
13.4726
2.17028
5.16795
9.96131
9.05627
8.45956
5.90271
5.8241
7.19296
3.16614
5.45579
6.16387
8.31703
7.46563
14.2941
7.49552
6.70957
5.12966
6.44468
5.28121
7.871
4.32094
9.31558
5.62864
2.82055
2.84602
13.7404
8.71444
3.88043
3.00478
6.47949
9.34067
3.41562
4.27903
4.47903
6.43027
6.50866
11.6859
4.95642
5.37475
11.162
8.2172
6.37985
2.03536
3.66385
1.76866
10.084
5.83598
4.44568
5.46776
5.76705
5.47508
3.89823
6.39766
8.29492
7.82628
2.15476
2.357
3.94907
8.37697
5.11936
4.58038
7.67413
7.97036
9.18472
3.7176
2.44587
6.27714
13.7889
5.40241
9.02486
1.60607
4.97264
2.41213
3.14101
5.13094
10.604
2.58401
3.1129
2.74141
2.79142
7.25854
3.06354
7.42191
8.88699
5.80484
5.80643
1.49269
3.73676
12.5977
2.28287
11.5848
5.40195
8.94777
4.8753
3.52238
3.91009
8.01639
9.51172
8.32157
10.285
6.86346
5.2867
11.4805
11.1316
5.3368
4.11213
7.94285
3.09719
5.27381
5.88623
2.75314
7.8971
9.86993
3.26495
7.70591
1.22881
9.80463
8.85381
16.5847
17.2586
4.66786
2.01441
5.18013
8.70542
8.7871
14.3104
12.2491
3.41489
5.6343
3.04533
5.51462
7.08549
11.1075
7.25
4.37463
3.92409
6.66943
6.13353
4.89879
10.269
1.97977
2.67285
7.16289
5.49303
5.73107
4.22766
4.76931
11.4774
7.26598
8.45588
4.05921
2.4433
7.67273
2.73364
1.54909
3.82444
8.13243
22.9174
5.49769
7.30024
5.69382
3.68379
3.09189
4.89265
2.74186
3.54593
6.48383
8.0481
7.49461
3.61782
11.048
3.34199
5.41247
3.6246
9.92128
13.4699
4.76743
17.1134
5.27063
3.70049
2.43275
3.04008
6.12259
9.90837
8.7038
9.75585
4.77636
1.61466
7.11451
10.8846
5.66437
2.93091
6.26313
10.654
2.30253
9.08439
5.27227
1.13894
5.32501
6.90692
3.74861
9.94175
2.32535
5.99997
6.93181
8.9982
6.58221
1.42051
1.71846
6.5319
6.4024
4.83115
2.65707
8.55498
6.59586
4.98394
11.0928
5.63488
11.3732
5.3562
4.27733
2.81347
6.42711
2.23808
3.69383
4.33669
7.77456
3.39869
2.65865
4.82018
10.7629
5.24548
2.64761
2.34479
10.8653
12.4739
4.86176
7.32463
3.94553
4.7566
13.3657
6.44595
7.83488
5.3594
10.1607
5.08805
2.89498
4.90382
3.81203
6.39323
5.39699
7.11162
7.6589
3.49417
5.25906
1.48933
11.4968
5.03347
5.54843
6.43371
5.78505
6.02192
5.43619
5.91731
11.229
10.1568
8.69802
9.90652
2.6603
8.48776
9.29853
4.98255
4.95479
5.11992
6.68456
11.3669
7.53633
1.74147
5.10808
7.64223
11.0813
7.13727
9.84669
8.93489
11.2221
6.89301
3.01397
4.60634
12.1237
7.92826
4.5634
2.008
7.68995
5.39939
4.58942
9.01567
2.8325
5.70499
1.50175
1.78216
3.16458
3.54097
6.46546
4.67943
5.42095
1.00241
13.1598
12.466
1.89522
4.85473
2.17717
3.00576
6.53684
20.5685
7.71158
4.46201
4.05708
9.33533
5.1465
1.42847
2.24509
2.18798
9.01548
8.20924
7.29284
2.47549
8.37655
1.53413
3.92276
4.71819
9.66186
1.42412
5.51688
4.68039
5.55507
4.91085
4.15993
3.9138
18.0268
3.21541
6.27462
17.4736
3.53915
6.07035
5.12222
1.76105
3.41814
4.77989
9.21588
12.8756
7.83927
5.34891
3.98612
6.52515
5.36815
5.76436
6.5384
5.60196
1.94121
5.81332
6.99022
3.7151
6.83433
5.57145
1.78906
2.59603
10.2555
12.7757
3.27832
5.44553
1.36399
3.34553
6.69635
1.43032
3.97716
3.40647
2.87711
6.22842
4.40599
5.1639
1.50604
0.757406
2.78309
3.17784
13.071
2.10516
5.59967
3.02962
12.8418
10.0139
4.50961
5.18187
6.43833
6.42703
3.54072
7.13432
6.11001
5.03065
9.74783
4.51321
1.68967
10.4052
7.26448
13.4112
3.90036
1.11553
4.50171
5.08746
6.2385
4.77545
3.93568
5.58864
7.57973
10.081
10.6608
4.4572
6.09828
10.9164
5.56317
2.77941
8.70285
6.34158
12.8609
4.57116
11.7218
4.87089
13.5774
6.02584
5.63594
4.84311
8.48782
11.5053
9.19281
4.48385
9.06224
1.50205
10.9306
5.22922
5.0239
3.85515
8.26513
14.5651
17.254
7.86824
3.5495
4.78438
6.35226
8.66244
5.09448
2.1416
2.61766
2.65527
4.98534
2.94431
10.5195
15.6391
5.20713
7.2702
9.17352
3.59311
7.99069
6.1349
6.47285
8.94854
3.50209
1.85934
7.2743
6.66721
4.81309
3.93173
10.3232
17.221
5.32062
5.13293
5.05444
3.86563
9.45134
4.15512
7.44542
8.04253
9.17563
7.49265
9.68179
4.76115
3.18201
4.43211
5.11656
11.6302
5.06941
6.02752
4.93685
1.23949
11.6426
5.88614
14.4248
10.1254
4.87337
2.96684
6.88727
6.63831
2.39341
7.73785
8.67422
3.57448
6.74289
5.37944
3.83419
5.54095
11.3117
5.55402
9.26098
6.10405
8.49061
1.58284
7.1321
8.13833
4.66142
9.34339
4.30801
7.44881
1.94012
8.37502
8.03388
3.47543
2.21553
4.53785
4.70274
8.42002
8.16571
5.90391
6.1163
1.39393
3.21261
2.50752
4.92694
3.00899
6.56457
1.52007
5.89366
5.04707
2.59015
8.78499
5.08705
5.27536
5.24772
7.78384
11.1204
4.74581
7.28398
4.96605
8.05462
4.52482
5.07457
1.60797
6.6393
8.97354
5.31948
7.45898
12.8908
5.91968
7.97473
4.69231
7.22035
8.45546
1.4251
4.22746
9.65127
6.31392
2.74633
9.97166
4.07088
9.21805
5.21127
8.12457
4.77474
2.95615
5.49738
4.26422
7.98755
7.68787
8.87895
6.82415
9.43885
4.15094
11.9025
3.3728
6.09248
7.50616
6.48712
3.6794
2.42523
10.7602
10.4851
4.52141
8.13217
5.52546
8.86476
10.4728
6.70141
5.68408
7.16911
11.4583
0.776826
15.5639
5.20501
10.0078
2.11603
8.82765
1.52572
3.30305
6.98258
4.77983
2.74323
6.52893
9.74112
15.018
5.79676
7.18697
7.82024
8.42059
6.36329
13.1822
6.9988
4.35512
4.14976
6.63183
6.30951
6.82447
15.1121
5.69952
4.99005
7.45666
3.96782
6.56456
5.00749
6.27551
2.21178
15.7086
5.87812
7.3632
10.5787
3.52253
7.47218
1.42923
4.95777
1.85745
10.4917
3.38319
4.18278
6.88294
4.77025
7.79039
5.05242
2.52862
13.647
4.55429
7.93282
5.43794
6.07251
8.04485
4.75075
7.46043
2.83753
2.52766
4.10992
5.70795
16.3781
10.8031
8.47422
5.14138
4.08517
4.053
2.38186
8.87388
8.3871
4.15786
9.01563
8.81578
5.2674
23.7493
10.1922
9.13818
4.17376
4.96226
2.30039
3.57778
2.28907
6.01693
5.01219
5.80417
8.7213
5.71587
7.56747
4.68378
3.07686
10.2085
17.3027
4.61956
3.51316
1.34822
3.83465
7.8038
6.44316
4.65735
4.74638
4.62514
13.3781
11.3116
7.2378
2.44683
9.53438
2.30898
5.78438
8.3076
11.2567
5.95372
3.69155
4.85185
4.82473
2.61685
1.17837
8.62099
4.61119
5.28347
9.24611
4.99616
8.09621
16.7271
2.2054
3.28729
9.80807
10.36
2.69808
17.415
5.11221
6.19064
6.67725
10.0571
6.86899
1.57707
8.47707
2.06081
6.27398
10.5406
4.82276
6.50136
6.09358
8.51724
4.81232
0.976303
6.87893
6.90821
14.0245
5.5143
7.22069
8.67632
7.65753
2.79239
8.41804
4.27874
2.93684
7.68452
4.32798
13.3769
13.4926
2.01298
2.178
2.51067
1.40112
4.98957
2.53555
8.4199
9.99377
2.42868
4.02301
2.12708
4.42653
8.42043
5.86458
3.33841
11.8952
7.21046
10.3943
0.809219
4.79263
6.77987
2.10235
13.4338
4.25392
2.11629
5.29502
4.00972
9.19468
2.46035
7.75184
8.87144
5.71627
5.74004
6.42834
15.2556
5.44989
8.11487
9.70026
2.71957
13.5197
5.36855
4.89078
5.13888
15.6047
12.9781
22.1979
4.90214
9.24028
4.38661
13.6184
3.29543
4.95777
4.84648
7.88559
3.63027
6.2492
11.6815
11.1858
5.14397
10.3869
5.01182
7.44135
4.4781
10.2319
7.31573
4.17358
5.3387
12.739
14.1537
6.69974
7.94334
3.19131
3.34435
9.26482
2.67593
14.3991
4.72026
1.54081
6.766
4.3995
11.1706
2.18817
5.13433
2.19691
3.97797
4.33287
14.1139
7.00415
1.38826
6.03874
5.3827
7.6767
9.40425
5.49171
5.76708
9.91542
2.39613
1.23394
11.1461
7.14134
6.20069
10.8248
6.65377
5.27892
3.66236
1.57539
4.26355
8.78851
3.79451
5.49605
6.66233
6.92134
4.81983
8.71079
13.272
12.2109
6.64982
2.48886
2.41951
9.32788
8.47391
2.9773
9.78484
3.39201
5.74818
4.63239
11.1544
3.77577
8.77408
2.69615
9.23136
13.3005
1.60302
4.04349
10.3767
9.77822
6.51856
2.55211
5.78702
5.33105
2.13201
6.94824
13.7524
5.11683
2.34927
9.11325
2.26214
3.07755
6.9524
6.56688
8.38393
4.48423
14.6887
3.52818
5.17433
4.97164
12.6316
4.25
2.10043
6.32759
7.94553
5.10569
3.56491
8.73859
9.26474
3.18375
11.0267
1.31945
4.78884
10.5313
5.11149
2.08603
2.33047
3.55528
8.92244
9.03775
3.36816
8.50929
12.8782
2.25731
3.22104
3.08917
4.90473
11.9338
1.17451
2.75933
8.89438
8.4705
19.0952
5.79051
3.56975
7.23226
3.38902
2.49702
0.779967
11.7224
1.63237
10.7722
8.63154
5.74341
6.50921
13.786
4.70888
3.39601
6.1182
3.57693
9.69416
1.69865
16.6282
3.0475
3.65483
11.7236
6.74276
8.14064
7.3004
6.9367
7.06487
1.95447
9.14214
6.46736
6.32717
8.47475
13.5639
11.472
3.21852
3.42601
6.63876
2.67336
3.39444
11.5884
9.25661
7.04862
13.4378
9.31303
6.76844
6.5882
3.7025
7.36307
8.17266
5.99825
3.51983
13.7259
7.74131
8.00101
6.58827
2.24518
7.23721
9.24436
5.83755
2.93765
5.62113
4.47063
6.40545
3.23052
4.43819
2.07044
5.64654
9.25267
9.35123
2.68649
3.66892
11.1619
5.59056
4.90537
1.53895
4.17995
10.0078
3.85843
7.7329
4.78892
9.85669
7.31681
9.74546
12.6745
6.3633
5.43007
3.59084
10.0564
22.4034
2.83797
6.60755
11.0661
5.87942
4.28181
12.864
6.94942
3.43539
5.60786
5.86251
2.65728
1.90558
8.44181
4.01405
5.12403
5.53219
5.129
7.40761
2.52308
7.25382
7.43097
7.12586
3.29697
11.2896
10.9087
1.27293
5.50699
4.90188
4.97558
11.5217
4.17376
11.7597
6.10448
9.17454
11.1671
10.3399
7.00551
6.68314
8.41743
6.50667
5.81386
2.72625
4.52951
5.25726
5.50913
2.88103
2.30504
2.60327
13.2128
4.81489
5.45733
4.96911
10.106
6.54589
2.63653
12.85
5.00442
5.05949
9.01571
5.2633
3.57392
10.4055
6.27932
5.16243
11.438
11.6892
3.47139
4.74687
5.21047
5.92875
6.74688
2.60814
4.84123
4.30859
2.51931
10.4296
4.58914
4.76186
2.37296
8.03659
3.60973
6.55998
9.56858
6.29038
4.75991
6.85987
7.00433
6.3146
7.63106
6.50214
6.86233
1.93784
6.90663
7.63565
6.12974
19.5465
13.182
1.31216
9.92211
7.54847
5.73123
5.513
3.57518
1.50891
4.09256
8.46585
4.25846
12.398
1.95719
3.99371
7.63596
3.07176
6.53335
2.50365
11.0038
5.36354
2.10188
13.2025
5.51893
7.11111
6.12583
7.81182
3.97282
3.15384
2.93756
7.9757
6.80922
6.705
8.37208
2.15733
6.16383
5.54113
5.19306
7.00721
9.21236
1.9056
13.2589
10.0195
8.00884
6.96963
3.22192
5.40805
3.06725
11.0131
9.98036
9.27191
2.84425
5.16467
4.47397
7.63179
8.11156
4.18651
7.71284
10.1558
2.8847
6.74586
3.33615
5.99701
8.60885
7.1332
6.74992
4.26046
12.2014
4.78711
2.8803
6.18778
7.14242
6.65961
10.3025
11.9507
2.02316
7.50627
8.39166
12.9965
7.46057
2.41138
2.20068
11.6006
2.37973
6.84626
3.79406
3.95205
9.72627
6.03796
9.38655
11.5774
3.06764
2.18398
3.16417
13.1147
3.00401
6.58974
10.1326
3.74073
6.14395
12.2928
7.70047
7.7134
5.0217
7.01938
7.63178
14.5489
9.4792
4.77801
8.6025
3.09399
2.17406
7.92616
11.7125
4.4878
4.49267
7.88687
5.55098
8.33194
9.35885
5.35285
2.98437
9.7523
3.40208
6.94641
3.10119
7.03676
7.28697
9.39461
6.71088
6.52533
4.47639
7.27686
9.23398
5.68984
5.45902
8.26866
6.45877
11.4544
7.6557
4.88991
5.99253
1.33739
6.18466
4.39822
8.00716
4.42621
8.03584
7.1169
14.9884
3.06069
4.88436
3.60645
12.0925
11.2602
13.315
5.07879
9.18349
8.02626
11.4912
8.89172
5.76349
3.41912
12.0543
2.4939
6.1642
4.07903
9.73847
7.31846
5.58239
5.36713
3.67586
6.44843
3.47508
5.34434
11.1671
9.66441
8.25896
10.8483
11.3817
3.28884
3.31145
15.1697
2.72441
5.48494
8.086
5.2159
8.71836
10.1002
6.69031
4.69375
3.28068
7.1114
2.7266
3.35128
6.81033
5.635
5.68533
5.94135
13.6955
